# b392344 a(n) = m where m is the greatest integer such that m*(m+n) is pi-complete (in A055932).
1 633555
2 1267110
3 1900665
4 2534220
5 3548155
6 3801330
7 41368320
8 5068440
9 5701995
10 7096310
11 42868815
12 7602660
13 8236215
14 82736640
15 10644465
16 10136880
17 1361042848
18 11403990
19 343628376
20 14192620
21 124104960
22 85737630
23 370138977
24 15205320
25 17740775
26 16472430
27 17105985
28 165473280
29 2437120
30 21288930
31 5836800
32 20273760
33 128606445
34 2722085696
35 206841600
36 22807980
37 373490
38 687256752
39 322483161
40 28385240
41 159398239
42 248209920
43 5767125
44 171475260
45 31933395
46 740277954
47 5056480
48 30410640
49 6694902396
50 35481550
51 4083128544
52 32944860
53 39721552
54 34211970
55 214344075
56 330946560
57 1030885128
58 4874240
59 297381
60 42577860
61 553864250
62 11673600
63 372314880
64 40547520
65 46126015
66 257212890
67 34897005
68 9760732410
69 1110416931
70 413683200
71 328308624
72 45615960
73 1836692
74 746980
75 53222325
76 1374513504
77 455051520
78 644966322
79 27025920
80 56770480
81 51317955
82 318796478
83 1812525
84 496419840
85 6805214240
86 11534250
87 7311360
88 342950520
89 154791
90 63866790
91 537788160
92 1480555908
93 17510400
94 10112960
95 2939766735
96 60821280
97 7222943
98 13389804792
99 385819335
100 70963100
101 36611575
102 8166257088
103 4851392
104 65889720
105 620524800
106 79443104
107 3216213
108 68423940
109 2880405
110 428688150
111 1120470
112 661893120
113 51270912
114 2061770256
115 1850694885
116 9748480
117 967449483
118 594762
119 9527299936
120 85155720
121 84693984375
122 1107728500
123 478194717
124 23347200
125 169303680
126 744629760
127 336394113
128 81095040
129 17301375
130 92252030
131 301665
132 514425780
133 2405398632
134 69794010
135 95800185
136 19521464820
137 823543
138 2220833862
139 1182636
140 827366400
141 15169440
142 656617248
143 557294595
144 91231920
145 37748865
146 3673384
147 20084707188
148 1493960
149 333795
150 106444650
151 18993065
152 2749027008
153 12249385632
154 910103040
155 29184000
156 1289932644
157 1859715
158 54051840
159 119164656
160 113540960
161 2590972839
162 102635910
163 129324032
164 637592956
165 643032225
166 3625050
167 11790625
168 992839680
169 107070795
170 13610428480
171 3092655384
172 23068500
173 845152
174 14622720
175 1034208000
176 685901040
177 1461075
178 309582
179 1713481
180 127733580
181 1783419
182 1075576320
183 1661592750
184 2961111816
185 1867450
186 35020800
187 14971471328
188 20225920
189 1116944640
190 5879533470
191 396784960
192 121642560
193 4954950
194 14445886
195 1612415805
196 26779609584
197 139553568
198 771638670
199 17448375
200 141926200
